convergeWeighting:0.2
oxTankVolume:0.0069
throatArea:0.000382646
exitArea:0.00181001
timeStep:0.05
OF:2.1
integrationType:2
flowModel:2